0 0.755803509375 0.71625175 0.7548087406249999 0.694245215625 0.728942328125 0.6855759515625001 0.7070554453125 0.67757359375 0.6861633296874999 0.6749061234375 0.655322771875 0.6715717999999999 0.6294563578125 0.6762398593750001 0.59961056875 0.6955789234374999 0.610554009375 0.7342571062500001 0.6752199671875 0.747594403125 0.69810176875 0.7469275234375 0.7369012374999999 0.7315896359375 0.755803509375 0.71625175
0 0.607569475 0.702247571875 0.5946362703125 0.6962458046875 0.54688305 0.690910890625 0.5269858562499999 0.688243421875 0.5101989812500001 0.6918333343749999 0.49912975312499996 0.71625175 0.5120629609375 0.74626066875 0.5409138296875 0.7555967609375001 0.5866774390625 0.750928728125 0.610554009375 0.7342571062500001 0.607569475 0.702247571875
0 0.471273653125 0.751595634375 0.4931606125 0.735590815625 0.49912975312499996 0.71024995625 0.5011194437500001 0.6975795390624999 0.47923255937500003 0.681574771875 0.44938677031249996 0.678907303125 0.445522365625 0.6801666671875 0.38870034375 0.68624283125 0.3608442421875 0.7049150421875 0.3568647875 0.7309227828125 0.3916848765625 0.748261309375 0.41357183593749997 0.758931084375 0.471273653125 0.751595634375
0 0.3489059546875 0.7435931984375 0.3588545515625 0.7249209875 0.3548750984375 0.708916221875 0.333983059375 0.6949120703125 0.309950225 0.6826666671875 0.2364867796875 0.702247571875 0.20564614531249997 0.717585484375 0.20564614531249997 0.7382583359375 0.2354919359375 0.764266025 0.2912040640625 0.759597965625 0.3489059546875 0.7435931984375
0 0.40163347343750005 0.783605090625 0.40362323906249997 0.7609317 0.3877055 0.750928728125 0.378751746875 0.7442600781250001 0.36482369531250003 0.741592659375 0.33696759374999996 0.7435931984375 0.32104985468749997 0.748261309375 0.29816812656249997 0.756930496875 0.279265778125 0.76159860625 0.27329663437499996 0.76693346875 0.2524045203125 0.798942978125 0.27130686875 0.8262844515625 0.30115266093750004 0.8329530999999999 0.3518904890625 0.828285065625 0.386710578125 0.8116134453124999 0.40163347343750005 0.783605090625
0 0.24544053125 0.8863022890625001 0.28523492031250003 0.8722981359374999 0.2912040640625 0.846290396875 0.28921437499999997 0.8262844515625 0.2623531171875 0.807612240625 0.21758443125000002 0.80294418125 0.19868215625000002 0.8022773015625001 0.1927129390625 0.8022773015625001 0.1588877703125 0.8162814781250001 0.13302135625 0.8376211343750001 0.1360059671875 0.8722981359374999 0.1588877703125 0.8929709359375 0.194702703125 0.9023070546874999 0.24544053125 0.8863022890625001
0 0.3827312015625 0.8983058765624999 0.40362323906249997 0.8843016734375 0.4225255875 0.8656294875 0.42551012187500004 0.8502915765625 0.42352043281249996 0.8356205687499999 0.41357183593749997 0.8302856296875 0.40163347343750005 0.82361698125 0.3807414359375 0.8202826578125 0.36283400781249997 0.822950128125 0.33696759374999996 0.8296187749999999 0.3120961 0.8342868093750001 0.3120961 0.8382880390624999 0.28921437499999997 0.8682969578125 0.28225031093749997 0.891637228125 0.300157815625 0.9103094125 0.33696759374999996 0.9169780609375 0.3499008 0.9169780609375 0.3827312015625 0.8983058765624999
0 0.5528521921875 0.9009732953125 0.5747390765625 0.8823011093750001 0.5866774390625 0.863628871875 0.5876722812499999 0.8582939843749999 0.5717545421875 0.8322862453125 0.53394984375 0.8189489468750001 0.51305780625 0.8169483328125 0.48719146875 0.822283271875 0.47525310625 0.8276181593749999 0.4604477390625 0.826833334375 0.42948957656250003 0.8449566875000001 0.4274998859375 0.8682969578125 0.43744848281250004 0.890970321875 0.48719146875 0.9076419437500001 0.5249960921875 0.914310590625 0.5528521921875 0.9009732953125
0 0.51305780625 0.8122803 0.5190269484375001 0.788940003125 0.5160423390625 0.774268996875 0.51305780625 0.7635991453125001 0.49813491093750006 0.7575973765625 0.48918115625 0.7575973765625 0.4643096640625 0.756930496875 0.45436106875000004 0.756930496875 0.432474184375 0.759597965625 0.42849473125 0.75826428125 0.3956643296875 0.788940003125 0.3916848765625 0.801610496875 0.40262839375 0.828951921875 0.43048442031249995 0.8376211343750001 0.477242871875 0.8202826578125 0.51305780625 0.8122803
0 0.65432785 0.8036110359374999 0.6602970703125 0.786272559375 0.6602970703125 0.774935903125 0.6384101859375 0.751595634375 0.6214974515625 0.74626066875 0.5787185296875 0.7449269843749999 0.5657853234375 0.747594403125 0.54688305 0.756930496875 0.5409138296875 0.75826428125 0.5240012468749999 0.777603321875 0.5279807015625 0.80894595 0.557826490625 0.822283271875 0.5956311140625 0.828285065625 0.6384101859375 0.8209495125 0.65432785 0.8036110359374999
0 0.7458549125 0.8843016734375 0.7528190515625 0.873631846875 0.7528190515625 0.8536258999999999 0.7428704546875 0.8309524843749999 0.7100400546875 0.8202826578125 0.682183953125 0.8136140093750001 0.6433844843750001 0.8116134453124999 0.6214974515625 0.8189489468750001 0.6045848671875 0.8329530999999999 0.5997512203124999 0.8310000015625001 0.5886671265625 0.8616283093750001 0.61353861875 0.8843016734375 0.656317540625 0.9029739093750001 0.6931274703125 0.9029739093750001 0.72496295 0.8949715515625 0.7458549125 0.8843016734375
0 0.9159759812500001 0.87496560625 0.9219452 0.857627078125 0.8950838671874999 0.834953715625 0.8771765125 0.828285065625 0.8453408828125 0.8169483328125 0.820469390625 0.8136140093750001 0.7965928171875001 0.8209495125 0.7906235984375 0.822283271875 0.7816699218750001 0.8262844515625 0.7647573375000001 0.8509584296874999 0.7687367171874999 0.8869691421875 0.833402596875 0.9036407640625 0.8632483859375 0.8896366125 0.8871251093750001 0.8849685781250001 0.9159759812500001 0.87496560625
0 0.69810176875 0.7442600781250001 0.6732302765625 0.7575973765625 0.6672610578125 0.77026779375 0.66527136875 0.783605090625 0.669250746875 0.798942978125 0.6811890328125 0.810279684375 0.7259577187499999 0.8242838359375 0.747844753125 0.8302856296875 0.7687367171874999 0.8276181593749999 0.8284282984375 0.8156146234375001 0.8373821265625001 0.798276171875 0.8423564234375001 0.77893703125 0.8324078281249999 0.758931084375 0.7528190515625 0.7295890468749999 0.74486014375 0.732256490625 0.7418755359375 0.732923371875 0.734911546875 0.7342571062500001 0.716009121875 0.7389251406249999 0.69810176875 0.7442600781250001
0 0.6612918390625 0.6555670328125001 0.635425578125 0.646230940625 0.603590021875 0.6435634703125 0.57374423125 0.6448972046875 0.5548418828125 0.6448972046875 0.545888128125 0.6569007671875 0.549867584375 0.6842422421875 0.5787185296875 0.690244009375 0.6284615890625 0.6842422421875 0.6672610578125 0.664236296875 0.6612918390625 0.6555670328125001