0 0.8356905953125 0.9973559234374999 0.8524188718750001 0.9732937625 0.8498453359375 0.90970103125 0.8408376671875001 0.868451634375 0.8241095828124999 0.8409520765625 0.7764982859375 0.8014213765625 0.7520493984375001 0.7842341390625001 0.736607984375 0.7825154375000001 0.7274774484375001 0.78651203125 0.7070118296875 0.8151712218749999 0.6851364828125 0.859858015625 0.68642315 0.952669128125 0.721166575 0.9956372218749999 0.7610568718749999 1 0.8356905953125 0.9973559234374999
0 0.5616047875 0.8134525203124999 0.57189913125 0.7842341390625001 0.5809066015625 0.7618908046875 0.5757594328125 0.7395473453125 0.56932549375 0.7326724890625 0.5641784249999999 0.7309537265625 0.5474501468749999 0.729235025 0.5500236796875 0.7257976953124999 0.5165672234375001 0.7206414078125001 0.48053722812500005 0.7532971234375 0.47152965625 0.7687657265625 0.4779635953125 0.8031402062499999 0.4998390421875 0.8254835359375001 0.5616047875 0.8134525203124999
0 0.3184019078125 1 0.320975540625 0.95782535 0.2913793859375 0.8993887171875 0.28751908125000003 0.897670015625 0.2489154515625 0.8993887171875 0.2411946484375 0.8993887171875 0.227040003125 0.9011074125 0.1768552671875 0.9114197265625 0.154979915625 0.9543878250000001 0.1498327453125 1 0.21288535937500003 1 0.2913793859375 1 0.3158283703125 1 0.3184019078125 1
0 0 0.8907950921875001 0.0160068140625 0.9011074125 0.054610440625 0.8993887171875 0.08806699999999999 0.8839201750000001 0.13696486875 0.8512643921875 0.1601270890625 0.8220461390624999 0.154979915625 0.7893903609375 0.1421120390625 0.7326724890625 0.11380275312499999 0.7017354078125 0.08163306249999999 0.6811107734374999 0.062331246875 0.684548165625 0.0069993390625 0.7172040765625 0.0018521703125 0.7034541703125 0 0.7206414078125001 0 0.7636095046875 0 0.8168899171874999 0 0.8907950921875001
0 0.438073196875 0.6879856281250001 0.44579390312499995 0.6604860718750001 0.4522278421875 0.6261115921875 0.4329260265625 0.61064305625 0.3930356296875 0.605487025 0.3261227109375 0.59173711875 0.3093944328125 0.5934558140624999 0.3081076640625 0.605487025 0.278511509375 0.6450175312499999 0.2759379734375 0.6982980109375 0.2952397875 0.7412661078125 0.378880984375 0.73610988125 0.411050675 0.706891628125 0.438073196875 0.6879856281250001
0 0.7855059578125 0.66220476875 0.7494758609375001 0.60892435625 0.721166575 0.5934558140624999 0.6954308218749999 0.5848621953124999 0.6581138609375 0.5934558140624999 0.6516799234375 0.605487025 0.654253459375 0.61408064375 0.643959215625 0.6604860718750001 0.6413856828125 0.700016840625 0.6889968843750001 0.7257976953124999 0.7533362671875 0.7275162625 0.7764982859375 0.6982980109375 0.7855059578125 0.66220476875
0 0.9746636984375 0.8426707734375001 0.9849580390625 0.7979839796875 0.9810976374999999 0.729235025 0.943780675 0.6931417890625 0.8987431125 0.684548165625 0.8871621 0.684548165625 0.878154625 0.6897043921875 0.8331170578125 0.7017354078125 0.8253962546875 0.7326724890625 0.8266831203124999 0.7807967421875001 0.8717206875000001 0.8237648406250001 0.8884489656250001 0.8323584593750001 0.9746636984375 0.8426707734375001
0 1 0.643298834375 0.9991125875 0.6209554374999999 0.9939655140625 0.619236675 0.979810771875 0.6175179749999999 0.9309128031249999 0.6347052171875001 0.924478865625 0.64673629375 0.9759503671875001 0.6914232218749999 1 0.708610459375 1 0.675954546875 1 0.643298834375
0 0.498552178125 0.6175179749999999 0.5281483328125 0.632986453125 0.5641784249999999 0.638142675 0.5834802390625 0.638142675 0.6002084171875001 0.6037681953125 0.6066423546874999 0.57283111875 0.6079291234374999 0.5487690203125 0.588627309375 0.5367379437500001 0.56932549375 0.5298630203125 0.56289155625 0.5264256234375 0.5525973171875 0.5195507015625 0.5294350999999999 0.5178320046875 0.5101332859375 0.528144325 0.498552178125 0.5384566390625001 0.486971165625 0.5625187984375 0.48568430156250003 0.5814247375 0.498552178125 0.6175179749999999
0 0.8459849343749999 0.605487025 0.8485584703125 0.5745498812500001 0.8498453359375 0.560800103125 0.8344037296875 0.5350192421875 0.8253962546875 0.5315817828125 0.8151019156249999 0.528144325 0.7945134281249999 0.528144325 0.7855059578125 0.5298630203125 0.7805662515625 0.5244845359375 0.7674908109375 0.5659562625000001 0.754622934375 0.5745498812500001 0.7932265640625 0.6261115921875 0.8073813046874999 0.6261115921875 0.8344037296875 0.6243928296875 0.8459849343749999 0.605487025
0 0.439359965625 0.5642374953125 0.454801475 0.5625187984375 0.45608824375 0.5418940984375 0.45608824375 0.5212694015625 0.45608824375 0.514394546875 0.453514609375 0.505800928125 0.44450713437499995 0.4989260046875 0.42777885781249997 0.495488540625 0.395609165625 0.4868949234375 0.377594215625 0.4937698453125 0.36343947499999996 0.5075196234375 0.3660131078125 0.528144325 0.41619784531250004 0.5625187984375 0.42520532031249997 0.5642374953125 0.439359965625 0.5642374953125
0 0.2154588953125 0.5951745765625 0.228326771875 0.61064305625 0.25406252500000004 0.6175179749999999 0.2669304015625 0.62267426875 0.28108514218749997 0.62267426875 0.2952397875 0.6072055921875 0.3093944328125 0.5968934078125 0.3415641234375 0.5814247375 0.3441376609375 0.5745498812500001 0.345424525 0.5539251796875 0.3428508921875 0.5367379437500001 0.331269784375 0.528144325 0.3158283703125 0.5264256234375 0.3145416015625 0.5264256234375 0.30115827031250003 0.5223367734375 0.264356865625 0.5298630203125 0.24634181875 0.5333004796874999 0.2334739421875 0.5470502578125 0.219319296875 0.5642374953125 0.2154588953125 0.5711125515625 0.2154588953125 0.5951745765625
0 0.1562666828125 0.577987340625 0.17814213437499998 0.567674959375 0.1897231421875 0.5556438765625 0.20387788750000002 0.5212694015625 0.20516465312499998 0.514394546875 0.20516465312499998 0.4989260046875 0.2000174828125 0.4886136859375 0.1832892046875 0.4748639078125 0.1601270890625 0.46970768593749995 0.1511195140625 0.46970768593749995 0.1421120390625 0.4748639078125 0.1279573984375 0.46970768593749995 0.0996480078125 0.4886136859375 0.08678013125 0.5092383859375 0.08163306249999999 0.5298630203125 0.08678013125 0.5573626390624999 0.118949821875 0.5745498812500001 0.1562666828125 0.577987340625
0 0.336416953125 0.5178320046875 0.34027735468750003 0.5109570828125001 0.3428508921875 0.50064476875 0.34027735468750003 0.4800200671875 0.336416953125 0.46798898906249997 0.320975540625 0.4525204484375 0.3068208953125 0.44048943281249997 0.297813325 0.43705196874999996 0.28494544843749997 0.4336145109375 0.2682172671875 0.45767667031250003 0.2592096953125 0.49720730468749996 0.27207757187500003 0.504082159375 0.30296049375 0.5126757828125 0.319688771875 0.5178320046875 0.336416953125 0.5178320046875
0 0.46509571875000005 0.48517622656250003 0.472816425 0.4748639078125 0.4753900578125 0.450801746875 0.4753900578125 0.43533320625 0.46123541250000005 0.43017705156249997 0.4509410734375 0.4267395875 0.44579390312499995 0.4233021953125 0.43951091093750005 0.421391753125 0.4084770421875 0.44908305156250006 0.40075633593750004 0.4542392109375 0.40075633593750004 0.46455152499999997 0.436786428125 0.48173876250000003 0.44708067187499995 0.48517622656250003 0.46509571875000005 0.48517622656250003
0 0.6671213359375 0.5745498812500001 0.6902835515625 0.5797061703125 0.7095853671875 0.57283111875 0.7147326374999999 0.550487721875 0.7147326374999999 0.5350192421875 0.705724965625 0.5178320046875 0.6761290078125 0.5023634640625 0.6606873984375 0.49720730468749996 0.638812046875 0.5126757828125 0.62851780625 0.5298630203125 0.62851780625 0.5453315625 0.646532853125 0.5711125515625 0.6671213359375 0.5745498812500001
0 0.7842190890625 0.522988165625 0.7855059578125 0.5195507015625 0.7842190890625 0.495488540625 0.77907201875 0.48173876250000003 0.7623437375 0.46455152499999997 0.7520493984375001 0.459395365625 0.7430419234375 0.459395365625 0.7417550578125 0.4628328296875 0.71987970625 0.48517622656250003 0.7160193046875001 0.495488540625 0.7160193046875001 0.5092383859375 0.748188996875 0.5298630203125 0.7636304093749999 0.528144325 0.7842190890625 0.522988165625
0 0.646532853125 0.495488540625 0.6761290078125 0.4903323859375 0.6787025437499999 0.4800200671875 0.6787025437499999 0.4662702890625 0.6722686062500001 0.4542392109375 0.66326113125 0.44736428906250003 0.6594007296875 0.44736428906250003 0.6534748718750001 0.43642611875000004 0.6246574015624999 0.442208128125 0.6182234640625001 0.44908305156250006 0.6143630625000001 0.46455152499999997 0.6143630625000001 0.4800200671875 0.6310913390625 0.495488540625 0.646532853125 0.495488540625
0 0.537155803125 0.5092383859375 0.5616047875 0.5178320046875 0.5860537765625 0.522988165625 0.6027820546875 0.514394546875 0.6027820546875 0.49720730468749996 0.6014951859375001 0.47658260781250006 0.596348115625 0.46455152499999997 0.5847670078125 0.450801746875 0.5796198375 0.44564559218750005 0.574646046875 0.4471649484375 0.5616047875 0.44736428906250003 0.537155803125 0.4611140671875 0.5320087328125 0.46455152499999997 0.5268615640625 0.4662702890625 0.5268615640625 0.4886136859375 0.537155803125 0.5092383859375
0 0.9116109890624999 0.5659562625000001 0.924478865625 0.5659562625000001 0.9424940078124999 0.5642374953125 0.952788346875 0.550487721875 0.9515014828125 0.5350192421875 0.9424940078124999 0.514394546875 0.9283392671874999 0.4989260046875 0.912897853125 0.48517622656250003 0.896169575 0.4800200671875 0.8820150265625 0.47830130468750004 0.8755810890625 0.47830130468750004 0.8652867484375 0.4800200671875 0.8421245328125 0.495488540625 0.8344037296875 0.504082159375 0.8344037296875 0.5212694015625 0.8421245328125 0.5367379437500001 0.8691471500000001 0.560800103125 0.9116109890624999 0.5659562625000001
0 0.387888459375 0.450801746875 0.387888459375 0.4250208921875 0.3737338140625 0.40267749531249997 0.3698734125 0.40267749531249997 0.35829240156250003 0.40095873125 0.3428508921875 0.41127111406249994 0.3351301859375 0.42845835 0.3338434171875 0.43877067031249994 0.3479980625 0.46970768593749995 0.3853149234375 0.45767667031250003 0.387888459375 0.450801746875
0 0.17814213437499998 0.46798898906249997 0.1987307140625 0.4628328296875 0.2013042515625 0.4439268296875 0.2013042515625 0.4215834328125 0.2013042515625 0.40955234999999995 0.1922967765625 0.4078336546875 0.1885456609375 0.4042096234375 0.1588403203125 0.404396190625 0.154979915625 0.404396190625 0.1382516375 0.4233021953125 0.144685575 0.44564559218750005 0.1575534515625 0.45767667031250003 0.17814213437499998 0.46798898906249997
0 0.2682172671875 0.44736428906250003 0.255349390625 0.43017705156249997 0.2386211125 0.43017705156249997 0.2386211125 0.4336145109375 0.2167457609375 0.4559579078125 0.21417212812500003 0.46970768593749995 0.2231796984375 0.4868949234375 0.2579229265625 0.48345753125 0.2682172671875 0.46970768593749995 0.2682172671875 0.44736428906250003
0 0.0687651859375 0.528144325 0.08034619374999999 0.514394546875 0.0996480078125 0.49720730468749996 0.111229115625 0.4800200671875 0.118949821875 0.4559579078125 0.120236690625 0.4542392109375 0.08935376874999999 0.44736428906250003 0.06619155156249999 0.442208128125 0.070051953125 0.43533320625 0.03659549375 0.45767667031250003 0.035308629687499996 0.4611140671875 0.0250143859375 0.495488540625 0.0250143859375 0.5109570828125001 0.0378822625 0.5298630203125 0.0687651859375 0.528144325
0 0.721166575 0.45767667031250003 0.7597702046875 0.44564559218750005 0.7610568718749999 0.43877067031249994 0.7623437375 0.414708571875 0.7443285953125 0.395802571875 0.7419562125 0.39561855625 0.71987970625 0.3940838765625 0.6851364828125 0.4164272734375 0.6825629453125 0.42845835 0.68642315 0.4439268296875 0.7070118296875 0.45767667031250003 0.721166575 0.45767667031250003
0 0.6529667921875 0.4336145109375 0.65682719375 0.40955234999999995 0.6529667921875 0.38892771718749997 0.620797 0.3940838765625 0.6105027609375 0.404396190625 0.6053555875 0.41814596875000004 0.6066423546874999 0.42845835 0.6259441703124999 0.4336145109375 0.6529667921875 0.4336145109375
0 0.5487369156249999 0.414708571875 0.5603180234375 0.41127111406249994 0.5641784249999999 0.39924003125 0.5603180234375 0.3717404796875 0.5641784249999999 0.3700217171875 0.5500236796875 0.36486555625 0.5178539890625 0.3717404796875 0.51528045625 0.3803340984375 0.51528045625 0.395802571875 0.5255747953125 0.41298980937499996 0.5487369156249999 0.414708571875