0 0.1893229046875 0.44872680625 0.21962096562500003 0.4514298640625 0.24991895 0.436563115625 0.26360193125000003 0.416290240625 0.27630750000000004 0.37168993125 0.27923959531250003 0.3460109421875 0.2684887078125 0.32844113125 0.2645792734375 0.324386565625 0.26262451875 0.3230350109375 0.25480572343749996 0.312222821875 0.218643553125 0.30816825625 0.18834556875 0.324386565625 0.17759467812500002 0.33925331875000003 0.15902492031249998 0.375744496875 0.15707024218750001 0.40953261718749995 0.1893229046875 0.44872680625
0 0.274352821875 0.5136000359375 0.28901314375 0.5230606703125 0.3075829015625 0.525763728125 0.342767659375 0.5054908593749999 0.35645064375 0.485217984375 0.3632920953125 0.4554844296875 0.36720152968750003 0.4257509265625 0.3662241890625 0.40277499531250005 0.3466770953125 0.3865566859375 0.3281073375 0.383853628125 0.3202884703125 0.3892597484375 0.31442435625 0.39196280625 0.28901314375 0.40547805312499996 0.2684887078125 0.42169630937499997 0.25187362812499997 0.4379146171875 0.248941609375 0.475757303125 0.2538283859375 0.500084790625 0.274352821875 0.5136000359375
0 0.4199787046875 0.43115699531249996 0.44441257500000003 0.4230478640625 0.44734459531250004 0.41223567499999997 0.44734459531250004 0.38250212031249997 0.43463902968749996 0.355471628125 0.40825040156250003 0.3338471984375 0.371110965625 0.35276856562500003 0.3593826625 0.36763531875 0.3662241890625 0.40277499531250005 0.38186185156249997 0.4257509265625 0.39945419375 0.436563115625 0.4199787046875 0.43115699531249996
0 0.507940640625 0.26491945625 0.513804753125 0.23113133437500002 0.49914443124999996 0.208155403125 0.4795973375 0.20004625156250003 0.46982378750000003 0.1946401578125 0.425842821875 0.213561496875 0.41509193125 0.22707674375 0.4229107265625 0.2595133609375 0.45711814375 0.2784347015625 0.49328031875 0.2784347015625 0.507940640625 0.26491945625
0 0.3496091140625 0.3595261890625 0.384793871875 0.3473624453125 0.40531838281250004 0.324386565625 0.42779749999999994 0.29600451250000004 0.4160692734375 0.2770831984375 0.403363628125 0.2568103515625 0.3935900796875 0.24734961718749998 0.3896806484375 0.250052728125 0.3496091140625 0.250052728125 0.332994109375 0.2595133609375 0.312469675 0.3014106328125 0.3085602390625 0.32844113125 0.332994109375 0.35276856562500003 0.3496091140625 0.3595261890625
0 0.26360193125000003 0.32708957656250004 0.28608105 0.32708957656250004 0.2978093515625 0.30681670156249996 0.31540169375 0.2784347015625 0.317356446875 0.266270984375 0.31540169375 0.24464658125 0.306605484375 0.23113133437500002 0.2958545984375 0.2216706484375 0.25187362812499997 0.2324828640625 0.22450773906250002 0.248701146875 0.2127794359375 0.28384082187500004 0.21962096562500003 0.2987075765625 0.24698685625 0.313574325 0.26360193125000003 0.32708957656250004
0 0.5177141890625 0.3446594390625 0.5177141890625 0.3297926328125 0.49132556406249994 0.2987075765625 0.46884644687500004 0.289246890625 0.463959675 0.289246890625 0.47177846562500003 0.3014106328125 0.45223137187500007 0.304113696875 0.44636725781250003 0.3338471984375 0.4483219359375 0.35682313125 0.4795973375 0.375744496875 0.5069632265624999 0.36628381718749997 0.5177141890625 0.3446594390625
0 0.6574758859375 0.302762140625 0.673113621875 0.2878953875 0.676045715625 0.2622163984375 0.67115894375 0.2324828640625 0.646725071875 0.2176160890625 0.6281552390625 0.2122099953125 0.6086081437499999 0.21491302656250003 0.57733281875 0.245998115625 0.56658193125 0.2865438328125 0.5744007234375 0.30816825625 0.6037213718750001 0.320331953125 0.61935910625 0.324386565625 0.6574758859375 0.302762140625
0 0.6134949171875 0.381150565625 0.61935910625 0.3595261890625 0.6144723328125 0.3311441890625 0.5861290265625 0.3257380734375 0.57733281875 0.3216835078125 0.539215965625 0.3338471984375 0.5226009625 0.3500655078125 0.5206462078125 0.375744496875 0.5353065296875 0.40953261718749995 0.5890610453125 0.40007193125 0.6134949171875 0.381150565625
0 0.5167367734375 0.5500911625 0.536283871875 0.5244122250000001 0.5431254015625 0.48656953906249995 0.548012175 0.4379146171875 0.5353065296875 0.40953261718749995 0.5216235499999999 0.393314309375 0.5128274171875 0.3906112515625 0.509895321875 0.3852051828125 0.47373322343749996 0.3946658171875 0.45027668906249996 0.43115699531249996 0.44050314375 0.475757303125 0.44050314375 0.5136000359375 0.47177846562500003 0.5473881578124999 0.5167367734375 0.5500911625
0 0.649657015625 0.497381728125 0.66040798125 0.4784603609375 0.66040798125 0.45278141875 0.656498621875 0.40953261718749995 0.6437929765625 0.3946658171875 0.6301099203125 0.39196280625 0.6282990984375 0.39047458125 0.568536609375 0.41358718281250006 0.5577857234375 0.447375303125 0.5568083828125 0.50143629375 0.5900383859375 0.516303046875 0.6017666890625 0.5217091671875 0.649657015625 0.497381728125
0 0.7581434625 0.42034480625 0.7669395953125 0.40007193125 0.7659623296875 0.3473624453125 0.7415284578125 0.3297926328125 0.714162496875 0.324386565625 0.6926607203125 0.31898044531249997 0.6809324921875 0.314925884375 0.6740908859375 0.313574325 0.6662721671875 0.31087131874999996 0.6457476546875001 0.32708957656250004 0.6369515234375001 0.3595261890625 0.6379287875 0.3797990625 0.6789776625 0.4230478640625 0.7219813640625 0.436563115625 0.7581434625 0.42034480625
0 0.8509921703125001 0.3095197640625 0.8470828109375 0.27573164375000003 0.8246036218749999 0.250052728125 0.8152492468749999 0.24185104218750003 0.775735878125 0.2595133609375 0.75716605 0.289246890625 0.759120878125 0.32844113125 0.7991923375 0.3473624453125 0.8324224890625 0.340604821875 0.8509921703125001 0.3095197640625
0 0.8549015296875 0.42980549218749997 0.855878946875 0.3892597484375 0.8226489390625 0.35412007343749996 0.8109205640624999 0.35141706250000004 0.8050565234375 0.3473624453125 0.7649849171875001 0.3635807546875 0.7513020078125 0.397368875 0.7552113671875 0.43250855 0.80016975 0.45683598437499995 0.8343771703125 0.4514298640625 0.8549015296875 0.42980549218749997
0 0.9242937843749999 0.360877696875 0.885199590625 0.3338471984375 0.8754260421875 0.3311441890625 0.8822674968750001 0.32844113125 0.8549015296875 0.33925331875000003 0.848060075 0.40007193125 0.8734713640624999 0.447375303125 0.9194070109375 0.447375303125 0.9350447468749999 0.41223567499999997 0.9242937843749999 0.360877696875
0 0.7542341015625 0.5717155921875 0.7688944249999999 0.5554973875 0.7806226546875 0.5244122250000001 0.7835547468749999 0.49197560781250005 0.7786679734375 0.45007836093750003 0.7669395953125 0.4392661734375 0.7522792734375 0.436563115625 0.7425057265625 0.436563115625 0.675068303125 0.45413292656250004 0.6662721671875 0.4825149265625 0.656498621875 0.525763728125 0.6740908859375 0.56495796875 0.714162496875 0.5703640359375 0.7542341015625 0.5717155921875
0 0.8988825 0.5217091671875 0.8939957234374999 0.4825149265625 0.8812902312500001 0.4676481734375 0.8568563593749999 0.45413292656250004 0.8441507156249999 0.45413292656250004 0.8324224890625 0.45278141875 0.8109205640624999 0.4784603609375 0.798215071875 0.5108969796875 0.801147015625 0.552794225 0.8588110421874999 0.5636064140625 0.897905234375 0.540630534375 0.8988825 0.5217091671875
0 0.8764034578125001 0.812287046875 0.911588140625 0.790662565625 0.9233163671875 0.742007696875 0.9213616890624999 0.6974074921875 0.9067013671874999 0.683892240625 0.901814590625 0.6798375765625 0.8998599125 0.673079953125 0.8734713640624999 0.6595647015625 0.8451279812499999 0.6798375765625 0.8265583 0.717680309375 0.8265583 0.7676866859375 0.8343771703125 0.8055294234374999 0.8764034578125001 0.812287046875
0 0.8128753937500001 0.7487653187500001 0.8197168484375 0.698758890625 0.801147015625 0.6514555234375 0.7835547468749999 0.643346496875 0.7806226546875 0.6392918328125 0.77084910625 0.637940278125 0.7317549125 0.655510140625 0.717094590625 0.7001104453125 0.7239360421875001 0.7866080531249999 0.7552113671875 0.7947171828124999 0.791373465625 0.7839049421875 0.8128753937500001 0.7487653187500001
0 0.7053663593749999 0.77714731875 0.7112304015625 0.7501168218750001 0.7112304015625 0.7122741890625 0.6955928140625 0.6879467015625 0.6907060375 0.68524364375 0.685819265625 0.683892240625 0.6408608828125 0.6879467015625 0.61935910625 0.7284924453125 0.6134949171875 0.7487653187500001 0.6262005609375 0.8082324296875001 0.6516118453125 0.843372053125 0.7053663593749999 0.77714731875
0 0.41020515937499996 0.8163415609375001 0.463959675 0.8582388062499999 0.5147820953125 0.8582388062499999 0.537261284375 0.8109354390625001 0.5441027390625 0.771741303125 0.539215965625 0.7379531828125 0.525659803125 0.7181219421875 0.4883935453125 0.70281345625 0.4483219359375 0.681189078125 0.4190012921875 0.6947043296875 0.4023862875 0.7122741890625 0.4023862875 0.774444309375 0.41020515937499996 0.8163415609375001
0 0.18248145 0.8676995390625001 0.22353032499999997 0.8460751671875 0.245032178125 0.812287046875 0.2567604046875 0.7798504296875 0.26653395468749996 0.709571078125 0.2655566140625 0.683892240625 0.2606698375 0.681189078125 0.25285097031250003 0.6757830109375 0.17857201875 0.6920012671875 0.151206128125 0.7082195765625 0.1238401625 0.7501168218750001 0.12090806875 0.8028263093750001 0.14729669375 0.8555357953125 0.18248145 0.8676995390625001
0 0.07399507968749999 0.6649707703125001 0.037832909375 0.64604945625 0.017308470312499998 0.641994890625 0.026104678125000003 0.652807078125 0.0085122609375 0.6703769953125 0 0.717680309375 0.0085122609375 0.7501168218750001 0.065198871875 0.7568744453125 0.12188548125000001 0.698758890625 0.07399507968749999 0.6649707703125001
0 0.13654580624999998 0.5906369109375 0.1404551671875 0.5582003453125 0.13752314375000002 0.540630534375 0.12188548125000001 0.5352244140625 0.05933475781250001 0.5419820359374999 0.048583871875000004 0.5987460890625 0.0564026625 0.6392918328125 0.10429306406250001 0.6636193718750001 0.1238401625 0.6474009578125 0.13654580624999998 0.5906369109375
0 0.23916806093749998 0.5892855078125 0.232326534375 0.551442721875 0.2137567765625 0.5365759156250001 0.20496064375 0.52981829375 0.19030032187499998 0.52981829375 0.1600022609375 0.56495796875 0.151206128125 0.5865823453125001 0.15316080625 0.6622677640625 0.22841709843750002 0.6514555234375 0.23721330625 0.6244250265625 0.23916806093749998 0.5892855078125
0 0.7454378187499999 0.6514555234375 0.7542341015625 0.6298312515625 0.7522792734375 0.6000975921875 0.7356642734375 0.577121659375 0.7200266859375 0.5690126328125 0.716117175 0.5690126328125 0.70829830625 0.5636064140625 0.63499669375 0.6149643984375001 0.6262005609375 0.6298312515625 0.635974109375 0.6676738328125 0.679955075 0.6798375765625 0.7092757203125 0.6784860203124999 0.7454378187499999 0.6514555234375
0 0.6213137875 0.6055037125 0.63499669375 0.5568487906249999 0.6271779734375 0.54468509375 0.5998119359375 0.528466790625 0.5734233859375 0.5230606703125 0.5636498375000001 0.5190061046875 0.5568083828125 0.516303046875 0.5499668515625 0.5149515390625 0.5274877390625 0.5473881578124999 0.5206462078125 0.5690126328125 0.5216235499999999 0.6041521578125 0.55094419375 0.6365888749999999 0.5998119359375 0.6365888749999999 0.6213137875 0.6055037125