0 0.917920275 0.6548523890625 0.9273248046875 0.5865842328124999 0.91321765625 0.5466221390625 0.8591410906249999 0.5066602390625 0.793308328125 0.473358621875 0.6451846984375 0.499999890625 0.5934589046875 0.5266412203125 0.5958102171874999 0.561607890625 0.6451846984375 0.6082301421875 0.7039638890625 0.6715031984375 0.8897059781250001 0.699809584375 0.917920275 0.6548523890625
0 0.34893762968750003 0.73477631875 0.459442428125 0.7580874125 0.5581913968750001 0.7464318359375001 0.61461945 0.7081349890624999 0.624024159375 0.6881540078125 0.6099171859375 0.6065650859375 0.5934589046875 0.55827771875 0.5581913968750001 0.5249761015625001 0.47825184062500004 0.499999890625 0.41712134375 0.49666971562500006 0.40066324375000006 0.49833483593750005 0.360693465625 0.5016650109375 0.3301282171875 0.5266412203125 0.32072350781250003 0.604899965625 0.32072350781250003 0.658182565625 0.30896767187499996 0.6914841796875 0.34893762968750003 0.73477631875
0 0.0573928203125 0.7081349890624999 0.11146956562500002 0.73977155 0.196111740625 0.7331112015625 0.26194432343749996 0.6964794125 0.2972118359375 0.6715031984375 0.3371817890625 0.6132253703125 0.33953292031250004 0.53663168125 0.325425953125 0.499999890625 0.2901584390625 0.473358621875 0.177302328125 0.4483824125 0.1796534609375 0.4567078171875 0.0903092015625 0.4567078171875 0.031530010937500005 0.49833483593750005 0.010369465625000001 0.5482872578125 0.010369465625000001 0.593244453125 0.033881142187500005 0.6681730906250001 0.0573928203125 0.7081349890624999
0 0.8544384656249999 0.41508079374999995 0.8168200000000001 0.348477565625 0.7697966515625 0.3235013515625 0.72982669375 0.3185061234375 0.7321778250000001 0.3251664078125 0.62872641875 0.3518077375 0.6498869625 0.40675539374999997 0.6451846984375 0.4300664828125 0.7321778250000001 0.45171258437499995 0.8356294125 0.4417220640625 0.8544384656249999 0.41508079374999995
0 1 0.3218362328125 0.9696458890624999 0.28520450625 0.9390806406250001 0.2685537 0.9249734921874999 0.253567946875 0.793308328125 0.2635584046875 0.7697966515625 0.29852514218750004 0.8638433546875 0.3784490078125 0.9273248046875 0.3884394640625 0.99550851875 0.3767839515625 1 0.3218362328125
0 0.5793519359375 0.37012360312500003 0.5111680421875 0.3451473890625 0.41712134375 0.35513785000000003 0.40536550312499997 0.3667934265625 0.40536550312499997 0.37012360312500003 0.3653957296875 0.4300664828125 0.40066324375000006 0.4567078171875 0.4876563703125 0.48501420156249997 0.5276263234375 0.49333960625 0.5864055125000001 0.46836339374999997 0.5864055125000001 0.40842044531250005 0.5793519359375 0.37012360312500003
0 0.3465863171875 0.4467172921875 0.355991021875 0.3867744078125 0.34893762968750003 0.3418172171875 0.33483048125 0.32017117968750003 0.2854559953125 0.296860021875 0.1161720046875 0.31018071875 0.0620950796875 0.36346325468749996 0.055041687500000006 0.40842044531250005 0.0620950796875 0.4483824125 0.1702487515625 0.455042696875 0.313670115625 0.455042696875 0.3465863171875 0.4467172921875
0 0.6052147453125001 0.186964715625 0.6052147453125001 0.15699324375 0.5699472328125 0.11370116875 0.54643555625 0.11037105625000002 0.5135193546875 0.1053757640625 0.44768659218750007 0.13368211562500001 0.3889074015625 0.1902948578125 0.43593075625 0.22026632968749998 0.5417332906250001 0.230256790625 0.5722985453125 0.2219313859375 0.6052147453125001 0.186964715625
0 0.5581913968750001 0.338487040625 0.5581913968750001 0.33349181250000004 0.5111680421875 0.24024731406250002 0.5041146515625 0.231921909375 0.49470994218750003 0.24524254375 0.39831211093749996 0.248572715625 0.36304459843750003 0.2818743328125 0.36304459843750003 0.338487040625 0.39831211093749996 0.35513785000000003 0.5393821640625001 0.3418172171875 0.5581913968750001 0.338487040625
0 0.403014375 0.1603234796875 0.41477021093750005 0.1370122921875 0.3371817890625 0.10870590625000001 0.32777708437499997 0.1037106734375 0.23373038125 0.1253567109375 0.200814 0.16531864375 0.20551626406249998 0.19695520625000001 0.36304459843750003 0.21693615781250003 0.38185383125 0.19695520625000001 0.403014375 0.1603234796875
0 0.358342153125 0.250237771875 0.301914275 0.228591734375 0.278402603125 0.22359650625 0.191409296875 0.228591734375 0.1467370734375 0.27854415781249997 0.1984628671875 0.291864790625 0.318372375 0.3018553140625 0.33953292031250004 0.3051854265625 0.358342153125 0.250237771875