0 0.5785883234375 0.32214160625 0.6020809093749999 0.355779175 0.6378791265625 0.36082479843750004 0.7027634953125 0.3339147703125 0.7307308796875 0.2868221796875 0.745273953125 0.24477521875 0.7586982625 0.18927326718749998 0.763172975 0.1539537484375 0.76093561875 0.148908125 0.74079906875 0.1404987328125 0.7385617124999999 0.13040751875 0.7038822578125 0.1034973875 0.6759148734375 0.1186342890625 0.638997890625 0.1270436828125 0.6020809093749999 0.1775000375 0.577469559375 0.238047678125 0.5785883234375 0.32214160625
0 0.5629265703125 0.328869146875 0.571876084375 0.32718722968749997 0.581944359375 0.3120503609375 0.5841818 0.26663962343750003 0.5853004796875 0.2161832671875 0.5853004796875 0.18927326718749998 0.579707003125 0.1775000375 0.571876084375 0.1741363 0.5667132625 0.16855821875000002 0.5237722328125 0.16909065 0.49244873125 0.1926369734375 0.48573657499999995 0.26663962343750003 0.5002796468749999 0.31541413125 0.5293657125 0.3423241578125 0.5629265703125 0.328869146875
0 0.4779057421875 0.36418856875 0.4913300515625 0.34736978125 0.49580485156250004 0.29859534375 0.481261775 0.2313202015625 0.47566829843749997 0.209455759375 0.46336266562499995 0.1976826609375 0.4208522078125 0.1791819234375 0.38169786875 0.209455759375 0.36939223593750004 0.263275853125 0.366036203125 0.2969134265625 0.4510570359375 0.36082479843750004 0.4779057421875 0.36418856875
0 0.3414248546875 0.44996441562499995 0.3984783015625 0.4466006453125 0.44993835625 0.44996441562499995 0.461125309375 0.4045536828125 0.46000654531249996 0.3725979625 0.4555318328125 0.34736978125 0.44322611562500003 0.323823525 0.41749617499999997 0.31036844218750004 0.38169786875 0.291867803125 0.3604427265625 0.28850403281250003 0.35412584687500004 0.2841530046875 0.3123387921875 0.300277196875 0.29891447968749996 0.31877783593750003 0.295558359375 0.3574610921875 0.3011518359375 0.41969055156249996 0.30674531250000003 0.433145628125 0.3414248546875 0.44996441562499995
0 0.1669083921875 0.5845146999999999 0.203825375 0.6046971906249999 0.2261992796875 0.6181522734375 0.2575227015625 0.6215159781249999 0.2709470953125 0.591242175 0.2798966078125 0.5391039671875 0.2798966078125 0.48023821875 0.26199749843750003 0.4314637109375 0.2183683640625 0.399508059375 0.16467103593750002 0.3725979625 0.144534484375 0.354097321875 0.1344662109375 0.3456879296875 0.106498825 0.3591429453125 0.08524359687500001 0.3961442890625 0.076294084375 0.433145628125 0.0729379640625 0.48192007031250006 0.076294084375 0.5256489515625 0.1669083921875 0.5845146999999999
0 0.296677040625 0.448282496875 0.3033891921875 0.4079174484375 0.30674531250000003 0.36250671562500003 0.3056266359375 0.31541413125 0.3112201125 0.26663962343750003 0.26982833125 0.2716852453125 0.23962359218749998 0.26663962343750003 0.220605803125 0.263275853125 0.221724484375 0.27000339375000004 0.1870449421875 0.2716852453125 0.16802706875 0.28850403281250003 0.16467103593750002 0.3423241578125 0.2429797125 0.4314637109375 0.2798966078125 0.4516462671875 0.296677040625 0.448282496875
0 0.194875778125 0.7510206390625 0.24521706875 0.7207469671875 0.254166665625 0.6904730375 0.26199749843750003 0.660199234375 0.2284366359375 0.6215159781249999 0.1937570984375 0.6046971906249999 0.149009284375 0.579469015625 0.0919558359375 0.564332146875 0.07965012031249999 0.579469015625 0.0751754078125 0.587878409375 0.071819284375 0.589560321875 0.0460892578125 0.6618812187499999 0.038258425 0.7510206390625 0.055038854687500006 0.8149320765624999 0.08524359687500001 0.80988639375 0.126635375 0.7863400656249999 0.194875778125 0.7510206390625
0 0.34366229531250003 0.8250233218749999 0.344780975 0.8048408312499999 0.3235257453125 0.7358837703125001 0.2877275265625 0.7022462015625 0.2385049125 0.707291825 0.185926178125 0.7257924640625 0.1411783640625 0.7661575734375 0.12439793437499999 0.8182957875 0.10873626562500001 0.8670702890624999 0.1098549453125 0.8990260046874999 0.159077559375 0.9091172515625001 0.2418609484375 0.8822072234375 0.3190509453125 0.8468877984375001 0.34366229531250003 0.8250233218749999
0 0.4510570359375 0.6248797484375 0.476786978125 0.564332146875 0.47454962187499994 0.52901265625 0.43092048437499997 0.48696569375000004 0.37834183593750004 0.48023821875 0.34366229531250003 0.47182882499999995 0.329119221875 0.4701469078125 0.3257631015625 0.47182882499999995 0.3145761484375 0.4684650546875 0.2776592515625 0.53405834375 0.2832527265625 0.6046971906249999 0.3347126984375 0.64506243125 0.38169786875 0.64506243125 0.41525873124999996 0.643380453125 0.4510570359375 0.6248797484375
0 0.5841818 0.5306945734374999 0.626692175 0.5222851796875 0.654659559375 0.47687444843750004 0.654659559375 0.43987310312499994 0.654659559375 0.4011899125 0.649066084375 0.370916109375 0.622217375 0.3524154046875 0.5920126359375 0.34064230625 0.5662826078125 0.34064230625 0.5125852796875 0.3456879296875 0.506991803125 0.35073355156249997 0.5002796468749999 0.3456879296875 0.47902441875 0.386052978125 0.4622439890625 0.433145628125 0.472312265625 0.4785563 0.5192974359375 0.5121938687500001 0.5450274625 0.5189214093750001 0.5841818 0.5306945734374999
0 0.7486300734375 0.52901265625 0.788903003125 0.50546639375 0.8123956765625 0.456691890625 0.8101583203124999 0.40959930624999996 0.791140359375 0.3658704859375 0.772122575 0.34736978125 0.7396804765625 0.33559662343749996 0.713950446875 0.3372785359375 0.7027634953125 0.3490517 0.69717001875 0.3574610921875 0.6960512546875 0.3456879296875 0.677033465625 0.4079174484375 0.6647279203124999 0.4533281203125 0.6636091562499999 0.4903294640625 0.69717001875 0.52901265625 0.7195439234375 0.527330803125 0.7486300734375 0.52901265625
0 0.6938138984375 0.6837454968750001 0.7217812796875 0.6517898468750001 0.7396804765625 0.623197896875 0.745273953125 0.5676959187499999 0.7083569703125 0.5491952125 0.674796109375 0.5475133609375 0.6188613421875 0.5407858203125 0.6143865421875 0.5407858203125 0.5808256796875 0.55760460625 0.56068913125 0.606379109375 0.572994846875 0.685427415625 0.5987247890625 0.74092939375 0.656896915625 0.7325200046875 0.6938138984375 0.6837454968750001
0 0.8000899562500001 1 0.8045648406250001 0.9915293281249999 0.763172975 0.9377091359374999 0.7318496437500001 0.880525371875 0.7072382078125 0.8552971906250001 0.6736773453125 0.8267051796875 0.6177426625 0.8435239625 0.5942499921875 0.8687521421875 0.5808256796875 0.988165496875 0.6356417703125 1 0.69717001875 1 0.7788348140625 1 0.8000899562500001 1
0 0.7833095265625001 0.7829763609375 0.7765974578125 0.7241106125 0.7374431203125 0.7123375734375 0.6982887812499999 0.707291825 0.688220421875 0.7123375734375 0.6826269421875 0.71570121875 0.6636091562499999 0.7510206390625 0.6658465125 0.8048408312499999 0.713950446875 0.8435239625 0.751986021875 0.8670702890624999 0.7732413375 0.8586608968749999 0.7833095265625001 0.7829763609375
0 0.5942499921875 0.8452058140625001 0.6143865421875 0.7981132953125 0.6188613421875 0.7661575734375 0.5897752796875 0.6972005140624999 0.5696387265625 0.6517898468750001 0.5327217453124999 0.6265616671875 0.49580485156250004 0.6215159781249999 0.4801430984375 0.6265616671875 0.47454962187499994 0.6248797484375 0.43987007968749997 0.658517321875 0.43987007968749997 0.777930671875 0.46336266562499995 0.8216596171875 0.5215347921875 0.8552971906250001 0.575232203125 0.8552971906250001 0.5942499921875 0.8452058140625001
0 0.41414005468750004 0.8384784046875 0.440988759375 0.7678394265625 0.43651395937500004 0.7375657546875 0.42532700781250005 0.707291825 0.40295309843749993 0.658517321875 0.37610439218749997 0.653471825 0.34754841875000003 0.6551444484375 0.263116178125 0.6787000046875 0.2810152875 0.6904730375 0.3112201125 0.7140193 0.333594021875 0.803158853125 0.3414248546875 0.8182957875 0.36156140312499996 0.8317508640625 0.40407177812499995 0.8384784046875 0.41414005468750004 0.8384784046875