0 0.703147878125 0.405207628125 0.7382936703125 0.3884487171875 0.761320075 0.359958565625 0.7734392765625 0.333144334375 0.7782868828125 0.3029782515625 0.7782868828125 0.27783989062500003 0.763743878125 0.2359426234375 0.731022075 0.22085964374999997 0.7169696703125 0.2224083765625 0.689816871875 0.21918371718750002 0.6570948828125001 0.2242114390625 0.632856575 0.251025665625 0.6195253828125 0.2761640265625 0.6195253828125 0.2996265234375 0.6231611781249999 0.33649606875 0.66315448125 0.3850969265625 0.703147878125 0.405207628125
0 0.1626315828125 0.502409278125 0.17353888281250002 0.5543618640625 0.2353467796875 0.6180457640625 0.2765520796875 0.6197217546875 0.3092738828125 0.6163698328125 0.36502218124999997 0.556037790625 0.396532178125 0.502409278125 0.40622748125 0.46051200468750003 0.4001678828125 0.42029060156250003 0.3371480796875 0.351579109375 0.3371480796875 0.3499032453125 0.3068500796875 0.33649606875 0.24140638281250001 0.3214130890625 0.23049908281249998 0.33649606875 0.203836878125 0.359958565625 0.18323418593750002 0.405207628125 0.171114984375 0.43537364375000004 0.1674792796875 0.458836140625 0.1626315828125 0.502409278125
0 0.15657198125 0.566093109375 0.1480885796875 0.51749231875 0.1371812796875 0.5074369375 0.13112168125 0.5074369375 0.121426284375 0.5074369375 0.0681017875 0.49905748125000005 0.0390157796875 0.5007334078125 0.012353484375 0.5862039421875 0.018413082812500002 0.6146939687499999 0.0596183828125 0.6482117796875 0.12869778437499999 0.6381563984375 0.15414817812499998 0.6063145125 0.15657198125 0.566093109375
0 0.2377705828125 0.7655241359375 0.2329229765625 0.8023936812500001 0.22322758281250002 0.857698125 0.2438301859375 0.9062989796875 0.292306984375 0.9213820265624999 0.3674460796875 0.91970603125 0.42561818125000006 0.8912159374999999 0.44864468124999995 0.8308839000000001 0.45591618125 0.788986628125 0.46197578437500003 0.7470892984375 0.44379698437500004 0.6884331203125 0.43652548125 0.6649706906249999 0.431677784375 0.6498876484375 0.413498984375 0.6716742140624999 0.4304658828125 0.646535853125 0.3819890828125 0.6146939687499999 0.35532687812499997 0.611342303125 0.32381697656249997 0.6146939687499999 0.29351897656250003 0.6364806656249999 0.275340178125 0.67837793125 0.2511017796875 0.7269786593750001 0.2377705828125 0.7655241359375
0 0.4547042796875 0.73200631875 0.46439967812500005 0.7638482671875 0.483790378125 0.772227721875 0.5153002796874999 0.770551859375 0.5468101812499999 0.75714468125 0.5601413749999999 0.7420616390625 0.5843797765625001 0.6666465546875 0.5843797765625001 0.643184125 0.585591678125 0.6130180359375 0.585591678125 0.5778244875 0.585591678125 0.5459824078125 0.5758962796875 0.51749231875 0.56983668125 0.502409278125 0.5504459765624999 0.4890021625 0.5286313828125 0.48062270625 0.49833338281249995 0.48229857656249997 0.48621418125 0.48229857656249997 0.48015458281249995 0.48397450312499996 0.396532178125 0.5308994296875 0.3795652796875 0.56944503125 0.373505678125 0.5996109265625 0.373505678125 0.609666309375 0.392896378125 0.6348046703125 0.43288977656250005 0.6750260109374999 0.446220878125 0.70351629375 0.4547042796875 0.73200631875
0 0.574684378125 0.778931309375 0.5504459765624999 0.77557945625 0.4934857765625 0.790662496875 0.47409498125000005 0.82082858125 0.4547042796875 0.8543463921875001 0.44379698437500004 0.91970603125 0.602558575 0.9280854875 0.6522472765625 0.9230578906250001 0.67527368125 0.9230578906250001 0.6704260750000001 0.9113265765625 0.671638071875 0.8878642093750001 0.6764856781249999 0.8660775765625001 0.6680022734375 0.8409392203125 0.643763875 0.8275320421875 0.6377042734375 0.8107731312500001 0.574684378125 0.778931309375
0 0.5831677796875 0.7956902203125 0.6146777765625 0.8057455390625 0.6558830718750001 0.84764280625 0.6789094812500001 0.8593739890625001 0.6946644765625 0.8627258484375 0.73586968125 0.8375874874999999 0.7564724703125 0.797366084375 0.76616768125 0.77725531875 0.7710154734375 0.71357148125 0.76253206875 0.6800536703125 0.7395054765625 0.6230734234375 0.718902875 0.601286853125 0.6801214734375 0.591231471875 0.5881817921875 0.603560209375 0.5892273828125 0.6146939687499999 0.585591678125 0.6331287375 0.5819558781249999 0.6649706906249999 0.5674128781250001 0.7253027328125 0.5637770796875 0.762172403125 0.5722605749999999 0.788986628125 0.5831677796875 0.7956902203125
0 0.731022075 0.609666309375 0.7455650796875 0.631452875 0.7588962734375 0.6565912359375 0.779498875 0.6398323296874999 0.8001014765625 0.6197217546875 0.8061610796875 0.5945833921875 0.7964656812500001 0.5141405234375 0.779498875 0.4521325546875 0.7419292796875 0.405207628125 0.70557168125 0.39180051250000003 0.6655784703125 0.3834210578125 0.6352803781249999 0.4018558328125 0.6195253828125 0.421966534375 0.5940750796875001 0.4906780265625 0.5892273828125 0.50576106875 0.5964989765625 0.5325752984375 0.6061942796875 0.5711207703125 0.6158896781250001 0.59625913125 0.6377042734375 0.5979350625000001 0.671638071875 0.587879675 0.731022075 0.609666309375
0 0.8922074734375001 0.914678434375 0.9249292734375001 0.914678434375 0.930988875 0.8593739890625001 0.918869675 0.788986628125 0.9043266703124999 0.7202751984375 0.87524048125 0.6699984765625 0.8606974765625001 0.6532395703125 0.8267636812499999 0.6348046703125 0.7988896703125 0.6381563984375 0.7685916703125 0.6616190265624999 0.763743878125 0.663294759375 0.763743878125 0.708543821875 0.763743878125 0.8225044453124999 0.8061610796875 0.9062989796875 0.8267636812499999 0.91970603125 0.85706168125 0.9213820265624999 0.8922074734375001 0.914678434375
0 1 0.6264252140625 0.9952206703125 0.611342303125 0.9649226703125 0.628101209375 0.9033333062500001 0.6642931937500001 0.8934192796874999 0.6699984765625 0.8934192796874999 0.6800536703125 0.915233878125 0.7638482671875 0.949167675 0.8040696703125001 1 0.8359114921874999 1 0.8191525859375 1 0.7554688171875 1 0.67837793125 1 0.6264252140625
0 0.9624988671875 0.45380841875 0.9806776671874999 0.44207723593750003 0.9806776671874999 0.4186147375 0.9697702765624999 0.37671747187500004 0.946743871875 0.35493090625 0.90553848125 0.341523790625 0.8716048671875001 0.3431996546875 0.8260605796875 0.356439790625 0.8207040796875 0.36666215156250004 0.81464448125 0.3968281734375 0.82312806875 0.4152629421875 0.8473664703124999 0.44542896406250004 0.8606974765625001 0.458836140625 0.9115980796875001 0.458836140625 0.9624988671875 0.45380841875
0 0.8473664703124999 0.3431996546875 0.8740286703125 0.3214130890625 0.8740286703125 0.296274728125 0.867969071875 0.2744881625 0.842518678125 0.24767386875000003 0.76545451875 0.230785340625 0.761320075 0.2359426234375 0.764955871875 0.251025665625 0.767379675 0.28454348125 0.7758630796875 0.31135770625000003 0.7867704703125 0.3197371625 0.8194922734375 0.33817199531250003 0.8473664703124999 0.3431996546875
0 0.49712148125000005 0.48229857656249997 0.5213598828125 0.46051200468750003 0.5286313828125 0.43704951249999996 0.532267178125 0.3985040359375 0.52014798125 0.3448755234375 0.46197578437500003 0.2677845703125 0.43652548125 0.2694604390625 0.3444195796875 0.3348202046875 0.33351228437499997 0.34655145 0.33835998125 0.351579109375 0.373505678125 0.373365675 0.3977440796875 0.4336977796875 0.3941082796875 0.48062270625 0.4304658828125 0.4923539578125 0.49712148125000005 0.48229857656249997
0 0.5371148781249999 0.477270915625 0.56498898125 0.477270915625 0.6037704765624999 0.4437531 0.6158896781250001 0.405207628125 0.6195253828125 0.3750416078125 0.592863178125 0.33649606875 0.5734724765625 0.3214130890625 0.5371148781249999 0.24934980156250003 0.5189360796875 0.2359426234375 0.47757573124999997 0.2559162296875 0.48015458281249995 0.2728122296875 0.492273784375 0.29292293125 0.5128764765625 0.3197371625 0.532267178125 0.3532549734375 0.532267178125 0.3968281734375 0.532267178125 0.4554843453125 0.5371148781249999 0.477270915625