0 0.0823952140625 0.7384283875000001 0.0773063546875 0.7339776875 0.0773063546875 0.7250762843749999 0.0732352515625 0.72804338125 0.0477909453125 0.7339776875 0.040666490625 0.7606819406249999 0.040666490625 0.7844191015625 0.050844214062500004 0.79628765 0.0803596234375 0.7888698015625 0.10071506718750001 0.7651326390625 0.1098750328125 0.753264090625 0.0823952140625 0.7384283875000001
0 0.18010133281250001 0.8155741671875001 0.20554563906249998 0.8215083546875 0.222847734375 0.8215083546875 0.23709656093749998 0.8155741671875001 0.2574520078125 0.78738619375 0.273736346875 0.76216554375 0.27678969375 0.7458462359375 0.27984296249999996 0.708756978125 0.2686474875 0.686503425 0.26050535468749997 0.679085575 0.2584697640625 0.670184171875 0.226918840625 0.6746348765625 0.20554563906249998 0.6820527265624999 0.197403428125 0.698371978125 0.188243465625 0.7176584359375 0.1780657421875 0.7428790859375 0.16788801874999998 0.7606819406249999 0.16585250625 0.7888698015625 0.18010133281250001 0.8155741671875001
0 0.12412385937499999 0.8660154671875 0.13023047968749998 0.8571140109375 0.13837268593750002 0.8244754515625001 0.1363370953125 0.7888698015625 0.1292127234375 0.771067059375 0.116999409375 0.76216554375 0.1129283796875 0.76216554375 0.1088572765625 0.7606819406249999 0.0834129703125 0.774034096875 0.0752707640625 0.77996834375 0.06000418125 0.79628765 0.0538975609375 0.8140905046875 0.050844214062500004 0.8229920156249999 0.0488087015625 0.8630483171875 0.0773063546875 0.8660154671875 0.12412385937499999 0.8660154671875
0 0.2147056046875 0.8496961609374999 0.21267001406250002 0.8437619140624999 0.20554563906249998 0.83486045625 0.171959125 0.83486045625 0.14651481875 0.8496961609374999 0.14142595625 0.871949715625 0.148550409375 0.8986539671875 0.18010133281250001 0.8956868703125 0.220812221875 0.880851171875 0.220812221875 0.8689825640625 0.2147056046875 0.8496961609374999
0 0.2666119703125 0.9921188875 0.27678969375 0.9921188875 0.30630510312500003 0.9876682421874999 0.3195360953125 0.9847010375 0.3215716859375 0.9624474781250001 0.3215716859375 0.9298089781250001 0.3195360953125 0.9090389734375 0.30834061562500004 0.8942032687499999 0.2940917890625 0.89123611875 0.26254086718749997 0.8838182640625 0.223865490625 0.888269021875 0.196385671875 0.8986539671875 0.188243465625 0.907555425 0.1780657421875 0.9416775859375001 0.17297688125 0.9728325437500001 0.173994715625 0.9876682421874999 0.2157233609375 1 0.2666119703125 0.9921188875
0 0.362282575 1 0.4650775578125 0.9936025484375 0.47423752343750003 0.975799634375 0.4681308265625 0.9579968390625 0.4620242109375 0.9342597359375 0.45693534687500004 0.9149732734375 0.434544390625 0.8927197203125001 0.408082328125 0.8897526828125001 0.34905150625000003 0.9045883874999999 0.320553853125 0.9668982359375 0.3215716859375 0.9950860968749999 0.33378492187500003 1 0.3531226125 1 0.362282575 1
0 0.58517463125 1 0.608583425 0.9847010375 0.623850084375 0.9446446828124999 0.6289389484375 0.9194240328125 0.6106189375 0.8897526828125001 0.5475170921875 0.89123611875 0.5230905421875 0.923874678125 0.504770690625 0.9535460812500001 0.5006995828125 0.9743160859375 0.5302149968750001 1 0.58517463125 1
0 0.69407630625 0.9921188875 0.7093428890625 0.989151790625 0.8131556265625 0.9876682421874999 0.8599732109374999 0.9743160859375 0.8630265609375 0.9698653328125 0.8436887937499999 0.9327760749999999 0.8345289078125001 0.9090389734375 0.826386696875 0.88678541875 0.794835696875 0.8689825640625 0.7612493359375 0.8778840156250001 0.7368227078125 0.8897526828125001 0.7195206125 0.8971705328124999 0.7134139187499999 0.9001375749999999 0.7064511812500001 0.893956246875 0.69204079375 0.89123611875 0.6543832546874999 0.9060718218750001 0.638098834375 0.9312925265625 0.6228322515625 0.949095440625 0.6106189375 0.9743160859375 0.618761225 0.9995367359375 0.6554009328125 0.9980531875 0.69407630625 0.9921188875
0 0.998390140625 0.7176584359375 0.9871947421874999 0.714691284375 0.980070365625 0.7176584359375 0.9637859484375 0.7413955375 0.9424126671874999 0.8096397468750001 0.9627681140625001 0.8170576015625001 0.980070365625 0.8185412046874999 0.9943191140625001 0.8081563171875 0.998390140625 0.7829354953125 0.9994079734374999 0.72804338125 0.998390140625 0.7176584359375
0 0.3816201875 0.7265598328125 0.3887446390625 0.689470575 0.38263802187499996 0.6642498703124999 0.3734780546875 0.6553484734375 0.36737143906249997 0.6553484734375 0.3643180921875 0.653864865625 0.3215716859375 0.6583156234375 0.30528726875 0.6627663218750001 0.2920562765625 0.686503425 0.28900292968749997 0.719141984375 0.3195360953125 0.771067059375 0.3531226125 0.771067059375 0.371442465625 0.7577147906249999 0.3816201875 0.7265598328125
0 0.42334891093750004 0.8853018703125001 0.425384425 0.8734333171875001 0.41622445781249995 0.83931115625 0.405028978125 0.8289262093750001 0.400957875 0.8259590593749999 0.396886771875 0.8244754515625001 0.3663536046875 0.8259590593749999 0.3358204359375 0.8496961609374999 0.323607203125 0.8734333171875001 0.3215716859375 0.9045883874999999 0.331749409375 0.9149732734375 0.39281574531249996 0.89123611875 0.42233107812500004 0.88678541875 0.42334891093750004 0.8853018703125001
0 0.396886771875 0.8155741671875001 0.39586901406249997 0.8022218984375 0.3867090484375 0.7844191015625 0.3419271328125 0.778484909375 0.331749409375 0.7859027578125 0.31851833906250004 0.8081563171875 0.30630510312500003 0.8422783062500001 0.30630510312500003 0.8571140109375 0.3093583765625 0.8645318609375 0.330731575 0.8482126125 0.3694069515625 0.8215083546875 0.396886771875 0.8155741671875001
0 0.5200372734375 0.907555425 0.5230905421875 0.8971705328124999 0.514948409375 0.8734333171875001 0.508841715625 0.8585976125 0.433526634375 0.8585976125 0.431491040625 0.871949715625 0.430473284375 0.88678541875 0.44370435468749997 0.9149732734375 0.46914866093749996 0.9372268281249999 0.47830855000000005 0.9535460812500001 0.505788446875 0.940193925 0.507823959375 0.9387103765625 0.5200372734375 0.907555425
0 0.608583425 0.8407947578125 0.6065479109374999 0.8244754515625001 0.5892457375 0.79035335 0.5811036046875 0.777001246875 0.5556592984375001 0.7725504890625 0.540392715625 0.7725504890625 0.53530385625 0.777001246875 0.5139305750000001 0.8007384625 0.5017173390624999 0.8170576015625001 0.49866399218749996 0.8482126125 0.5200372734375 0.874916978125 0.5342860218750001 0.8853018703125001 0.5515881953124999 0.8838182640625 0.58517463125 0.8571140109375 0.608583425 0.8407947578125
0 0.5332682656250001 0.7829354953125 0.5475170921875 0.7606819406249999 0.5444637453125 0.7354612359375 0.5363216125 0.7102405859375 0.529197159375 0.69540488125 0.4874685125 0.698371978125 0.44981097343750004 0.708756978125 0.433526634375 0.7488135 0.45082873125 0.8289262093750001 0.4589709375 0.833376909375 0.47220192968749997 0.8422783062500001 0.5017173390624999 0.8111233546875001 0.5332682656250001 0.7829354953125
0 0.77651591875 0.7918369515625 0.767355878125 0.76216554375 0.7520892953125 0.75178054375 0.738858225 0.7502969359375 0.737840546875 0.7502969359375 0.7317338484375 0.7413955375 0.688987446875 0.771067059375 0.6757563765625 0.8051890484375 0.6879696125 0.83486045625 0.7083250546875 0.833376909375 0.722573959375 0.8229920156249999 0.7551426421875 0.8081563171875 0.7775335984375 0.80667265625 0.77651591875 0.7918369515625
0 0.7704092250000001 0.8185412046874999 0.714431753125 0.8363440593749999 0.7062895421875 0.8600812734375 0.7093428890625 0.880851171875 0.7296983359375 0.89123611875 0.7653203656249999 0.8823348328125 0.8050134171875 0.8660154671875 0.800942390625 0.8496961609374999 0.7704092250000001 0.8185412046874999
0 0.47016641718749996 0.6612827203125 0.45998869375 0.6330949140625 0.45388207812500003 0.6108413609375 0.45286424375 0.6093577578125 0.41520670156249995 0.59600565625 0.38772688125 0.6167756078125 0.379584675 0.6612827203125 0.3856912921875 0.7043062796874999 0.3887446390625 0.7265598328125 0.435562146875 0.7562313546875 0.4518464875 0.7295269890625 0.47016641718749996 0.673151328125 0.47016641718749996 0.6612827203125
0 0.5027351 0.5707849515625 0.5027351 0.5440806984375001 0.49764623593749996 0.5277613921875 0.48950410624999996 0.5203435375 0.47423752343750003 0.5099585906249999 0.47016641718749996 0.5099585906249999 0.4650775578125 0.5084749890625 0.44573986718749997 0.5188599890625001 0.432508796875 0.5455642468749999 0.428437771875 0.561883553125 0.461006453125 0.6123249093750001 0.46914866093749996 0.6330949140625 0.4874685125 0.64347991875 0.5027351 0.618259215625 0.5027351 0.5707849515625
0 0.64420553125 0.8304098703125 0.6492943906249999 0.79628765 0.6492943906249999 0.7443626875 0.64420553125 0.708756978125 0.6421698640625 0.69985558125 0.6330099734375 0.69243773125 0.58822798125 0.6909541234375001 0.5699080484375 0.7206255328125 0.566854778125 0.74732984375 0.5780502578125 0.7814519468750001 0.5973879453125 0.8081563171875 0.615707878125 0.8437619140624999 0.6218144171875 0.8541468609375 0.64420553125 0.8304098703125
0 0.6350454875 0.615292059375 0.6269032765625 0.6063906609374999 0.6248677640625 0.6034235109375 0.6055300781249999 0.6241934625 0.5984057015625 0.6494141671875 0.6197789046875 0.6820527265624999 0.638098834375 0.6850198765625 0.64624104375 0.6835362734375 0.6452232109375 0.646447015625 0.6391166671875 0.6241934625 0.6350454875 0.615292059375
0 0.56176591875 0.628644215625 0.5536237078124999 0.5974892046875 0.541410471875 0.5722685000000001 0.5332682656250001 0.5574327953125 0.5261438890625 0.555949246875 0.51087730625 0.5737521015625 0.50375285625 0.5856206562499999 0.504770690625 0.6138085156249999 0.5241082984375 0.6508977687499999 0.5454815796875 0.6642498703124999 0.5536237078124999 0.670184171875 0.5607481625 0.6612827203125 0.56176591875 0.628644215625
0 0.7052718640625 0.753264090625 0.7083250546875 0.7206255328125 0.7052718640625 0.7013391296875 0.6900052796875 0.6776020265625 0.6788097234375 0.6687005703125 0.6696498375 0.670184171875 0.6584542796874999 0.667217021875 0.6533654171875 0.6879870265625 0.64624104375 0.72804338125 0.6452232109375 0.768099790625 0.6604897937499999 0.8155741671875001 0.6737208640625 0.8111233546875001 0.69204079375 0.7844191015625 0.7052718640625 0.753264090625
0 0.7113784062499999 0.601939903125 0.6808452359375 0.5930385046875 0.6767742109375 0.5945220531250001 0.6655786531250001 0.601939903125 0.6604897937499999 0.6123249093750001 0.6604897937499999 0.6316113125 0.668632003125 0.6508977687499999 0.7052718640625 0.6627663218750001 0.7276628234375 0.653864865625 0.7347871953125 0.6330949140625 0.7276628234375 0.6108413609375 0.7113784062499999 0.601939903125
0 0.169923609375 0.5218271453125001 0.1682147640625 0.510196515625 0.1556747828125 0.5129256875 0.13939044218750002 0.5277613921875 0.1363370953125 0.555949246875 0.1404082 0.5767192578125 0.1668702625 0.59600565625 0.18010133281250001 0.5782028015625 0.1780657421875 0.550014946875 0.169923609375 0.5218271453125001